1 5
2 42
3 6
4 24
5 36
6 50
7 43
8 23
9 55
10 87
11 88
12 66
13 19
14 27
15 39
16 41
17 53
18 22
19 91
20 59
21 38
22 67
23 63
24 54
25 73
26 95
27 62
28 92
29 79
30 69
31 81
32 68
33 97
34 71
35 82
36 94
37 76
38 52
39 74
40 77
41 72
42 89
43 60
44 86
45 56
46 98
47 75
48 93
49 64
50 80
51 83
52 78
53 90
54 96
55 65
56 85
57 99
58 70
59 84
60 100
61 57
62 61
63 58
64 44
65 48
66 40
67 37
68 49
69 28
70 13
71 11
72 8
73 21
74 14
75 10
76 25
77 30
78 29
79 16
80 47
81 26
82 45
83 46
84 35
85 18
86 33
87 31
88 15
89 20
90 7
91 9
92 32
93 17
94 12
95 34
96 51
97 3
98 4
99 1
100 2
S